0.000000 0.000000 0.000000 0.000000 0.000000 0.000000
-2.418371 -2.363951 -2.418371 -2.363951 -2.273252 -11.363950
-1.870144 -1.450240 -1.870144 -1.450240 -0.750400 -10.450239
-2.363951 -2.273252 -2.363951 -2.273252 -2.122086 -11.273252
-2.496192 -2.496901 -2.496192 -2.496648 -10.170939 -10.158999
0.000000 0.000000 0.000000 0.000000 0.000000 0.000000
-2.496192 -2.497041 -2.496192 -2.496894 -10.264634 -9.471617
-2.482368 -2.484969 -2.482368 -2.482715 -9.871515 -9.691647
-2.273252 -2.328290 -2.363442 -2.341285 -8.894187 -9.192549
-2.470613 -2.477739 -2.480396 -2.474722 -8.137378 -9.992707
0.000000 0.000000 0.000000 0.000000 0.000000 0.000000
-2.451022 -2.465931 -2.472383 -2.463346 -9.250925 -10.268784
-2.489421 -2.491386 -2.489421 -2.491128 -10.003768 -10.006463
-2.470613 -2.477719 -2.470613 -2.479377 -10.147195 -8.073296
-2.489421 -2.489764 -2.489421 -2.491399 -9.001159 -8.744164
0.000000 0.000000 0.000000 0.000000 0.000000 0.000000
5.600000 11.000000 5.600000 11.000000 2.000000 20.000000
-2.122086 -2.273252 -2.122087 -2.273252 -11.273246 -2.363951
0.416000 -0.750400 -1.450240 -0.750400 -9.750400 -1.450240
-1.870144 -2.122086 -1.870144 -2.122086 -11.122086 -2.273252
0.000000 0.000000 0.000000 0.000000 0.000000 0.000000
-2.451021 -2.418370 -2.418369 -2.363951 -11.418342 -11.418249
-2.042001 -1.872372 -1.871245 -1.450240 -8.026926 -7.751621
-2.340414 -2.344483 -2.333205 -2.273252 -8.344529 -10.080274
-2.493653 -2.495252 -2.494888 -2.494963 -10.306982 -9.874446
0.000000 0.000000 0.000000 0.000000 0.000000 0.000000
-2.493653 -2.495147 -2.495007 -2.494671 -9.694191 -10.915018
-2.470613 -2.479660 -2.477731 -2.483256 -9.499553 -9.424403
-2.363951 -2.388207 -2.393682 -2.363951 -6.850269 -8.366489
-2.482368 -2.485866 -2.484962 -2.482368 -9.866627 -9.002306
0.000000 0.000000 0.000000 0.000000 0.000000 0.000000
-2.470613 -2.475385 -2.474430 -2.470613 -8.457778 -7.665710
-2.482368 -2.486133 -2.486208 -2.490954 -9.468301 -10.618545
-2.451022 -2.461716 -2.463303 -2.474540 -10.489617 -9.250179
-2.482368 -2.487042 -2.487730 -2.486999 -9.693541 -10.706999
0.000000 0.000000 0.000000 0.000000 0.000000 0.000000
1.559781 2.607274 2.519279 11.000000 -2.734136 -2.367488
-1.870144 -2.048866 -2.038027 -2.039580 -6.199201 -5.695146
-1.077708 -1.286605 -1.224144 -0.750400 -3.534200 -4.868713
-1.450240 -1.855832 -1.874049 -1.850015 -6.131428 -5.627175
0.000000 0.000000 0.000000 0.000000 0.000000 0.000000
-2.489421 -2.492581 -2.493020 -2.491998 -9.865225 -10.970035
-2.418371 -2.439364 -2.456757 -2.433705 -10.582089 -9.811020
-2.482368 -2.488054 -2.489143 -2.487496 -10.487973 -9.675183
-2.470570 -2.451009 -2.418371 -2.451016 -11.448693 -11.445999
0.000000 0.000000 0.000000 0.000000 0.000000 0.000000
-2.470513 -2.450997 -2.418371 -2.451014 -11.449146 -11.450588
-2.289467 -2.228521 -2.122086 -2.230520 -8.618361 -7.639195
-2.418371 -2.444245 -2.458868 -2.437164 -9.472532 -9.833362
-2.489421 -2.490387 -2.494448 -2.492578 -9.658423 -9.451686
0.000000 0.000000 0.000000 0.000000 0.000000 0.000000
-2.482368 -2.486701 -2.489893 -2.487511 -9.866678 -10.715353
-2.470613 -2.476007 -2.470613 -2.476690 -8.467872 -7.716200
-2.418371 -2.427596 -2.418371 -2.429227 -7.707308 -6.342556
-2.470613 -2.473624 -2.470613 -2.475462 -9.034391 -9.457357
0.000000 0.000000 0.000000 0.000000 0.000000 0.000000
-1.477779 -1.833027 -1.793377 -1.792323 -2.842652 -3.624818
-0.301849 -0.376634 5.035900 -0.376634 -1.000000 -1.000000
-1.450240 -1.802282 -1.918854 -1.818690 -5.018582 -4.926554
-0.773201 -1.025667 -1.006204 -1.171245 -1.917290 -2.791507
0.000000 0.000000 0.000000 0.000000 0.000000 0.000000
-2.493653 -2.495332 -2.495851 -2.493653 -9.687912 -10.409518
-2.451022 -2.463170 -2.471544 -2.451022 -10.265474 -8.996439
-2.489421 -2.492326 -2.492964 -2.489421 -10.902966 -10.627750
-2.451021 -2.418371 -2.363951 -2.451020 -11.418324 -11.418324
0.000000 0.000000 0.000000 0.000000 0.000000 0.000000
-2.451018 -2.418369 -2.363951 -2.451022 -11.417985 -11.418143
-2.239643 -2.100664 -1.870144 -2.215674 -9.598727 -9.581635
-2.451022 -2.467473 -2.461716 -2.451022 -9.992587 -8.680777
-2.493653 -2.495776 -2.495888 -2.493653 -10.021632 -10.695557
0.000000 0.000000 0.000000 0.000000 0.000000 0.000000
-2.489421 -2.492160 -2.493913 -2.489421 -10.419701 -8.723554
-2.451022 -2.464829 -2.474698 -2.473916 -10.697522 -10.024831
-2.363951 -2.393931 -2.419482 -2.413847 -10.574996 -9.640292
-2.451022 -2.458455 -2.472382 -2.474155 -10.369171 -10.272903
0.000000 0.000000 0.000000 0.000000 0.000000 0.000000
-1.870144 -1.947948 -2.145181 -1.941628 -6.240198 -7.919083
1.833742 3.579057 11.000000 1.032284 -2.252088 -2.823652
-1.870144 -2.122086 -2.273252 -1.870145 -11.122085 -11.122086
0.416000 -0.935749 -1.293920 -1.306433 -6.006089 -5.610280
0.000000 0.000000 0.000000 0.000000 0.000000 0.000000
-2.496192 -2.496710 -2.496489 -2.496192 -8.983434 -10.388560
-2.470613 -2.475446 -2.474689 -2.470613 -9.267934 -9.479719
-2.493653 -2.495040 -2.494601 -2.493653 -8.944274 -10.188300
-2.418371 -2.363951 -2.363951 -2.418371 -2.273252 -11.363950
0.000000 0.000000 0.000000 0.000000 0.000000 0.000000
-2.418371 -2.363951 -2.363951 -2.418371 -2.273252 -11.363950
-2.122086 -1.870144 -1.870144 -2.122086 -1.450240 -10.870143
-2.470613 -2.474666 -2.474626 -2.470613 -8.989802 -9.032453
-2.496192 -2.496870 -2.496722 -2.496192 -9.493700 -9.495000
0.000000 0.000000 0.000000 0.000000 0.000000 0.000000
-2.493653 -2.494895 -2.494884 -2.493653 -8.727660 -7.735844
-2.470613 -2.471807 -2.476784 -2.470613 -9.698532 -9.186531
-2.418371 -2.431425 -2.436929 -2.418371 -9.914728 -9.435805
-2.470613 -2.475424 -2.474588 -2.470613 -7.711943 -9.229493
0.000000 0.000000 0.000000 0.000000 0.000000 0.000000
-2.122086 -2.273252 -2.273252 -2.122086 -11.273252 -2.363951
5.600000 11.000000 11.000000 5.600000 2.000000 20.000000
-2.122086 -2.273252 -2.273252 -2.122086 -11.273251 -2.363951
-0.750400 -1.450240 -1.450240 -0.750400 -10.450238 -1.870144
0.000000 0.000000 0.000000 0.000000 0.000000 0.000000
-2.447960 -2.363951 -2.450638 -2.417627 -11.407094 -11.223979
-2.122086 -1.450240 -2.122086 -1.870144 -10.870143 -10.870137
-2.418371 -2.273252 -2.418371 -2.363951 -11.363951 -11.363950
-2.493653 -2.496066 -2.493653 -2.495505 -9.873991 -9.295203
0.000000 0.000000 0.000000 0.000000 0.000000 0.000000
-2.493653 -2.495949 -2.493653 -2.495497 -9.485423 -10.160132
-2.470613 -2.483461 -2.470613 -2.479046 -10.495387 -9.693044
-2.122086 -2.349635 -2.340488 -2.255756 -10.914149 -10.246481
-2.451022 -2.475075 -2.477829 -2.466757 -10.523730 -10.912652
0.000000 0.000000 0.000000 0.000000 0.000000 0.000000
-2.418371 -2.466596 -2.468278 -2.448395 -11.045972 -10.946238
-2.482368 -2.488493 -2.482368 -2.487338 -10.620781 -10.180742
-2.451022 -2.466021 -2.451022 -2.462583 -10.244422 -8.455157
-2.482368 -2.488561 -2.482368 -2.487312 -10.432949 -9.695998
0.000000 0.000000 0.000000 0.000000 0.000000 0.000000
2.360000 11.000000 2.360000 5.600000 -3.400000 -3.400000
-1.870144 -2.273252 -1.870144 -2.122086 -11.122085 -11.122084
2.360000 -0.750400 -0.750400 0.416000 -8.584000 -8.584000
-1.450240 -2.122086 -1.450240 -1.870144 -10.870130 -10.870144
0.000000 0.000000 0.000000 0.000000 0.000000 0.000000
-2.470613 -2.418371 -2.451022 -2.418371 -11.451012 -11.450975
-2.273249 -1.870144 -2.122086 -1.870144 -11.122046 -11.122050
-2.451022 -2.363951 -2.418371 -2.363951 -11.418306 -11.418333
-2.489421 -2.495523 -2.493062 -2.495034 -11.194105 -11.108093
0.000000 0.000000 0.000000 0.000000 0.000000 0.000000
-2.489421 -2.495705 -2.492747 -2.495081 -10.714285 -11.293121
-2.451022 -2.477819 -2.468584 -2.479396 -10.764682 -10.774488
-2.273252 -2.376817 -2.329043 -2.273252 -8.693477 -8.043863
-2.470613 -2.480778 -2.479332 -2.470613 -9.862349 -9.255278
0.000000 0.000000 0.000000 0.000000 0.000000 0.000000
-2.451022 -2.475565 -2.465325 -2.451022 -9.031912 -10.165623
-2.470613 -2.487892 -2.480591 -2.485016 -10.863547 -11.265452
-2.418371 -2.467023 -2.447802 -2.466192 -10.754308 -10.477335
-2.470613 -2.488126 -2.479963 -2.486990 -10.165158 -11.144379
0.000000 0.000000 0.000000 0.000000 0.000000 0.000000
0.160123 4.501622 1.796429 5.600000 -5.822675 -4.604649
-1.450240 -1.994155 -1.864270 -1.978883 -8.816695 -6.609084
-0.033316 -1.213001 -0.874137 0.416000 -6.008882 -7.626595
-0.750400 -1.766829 -1.509428 -1.799850 -8.885481 -7.792428
0.000000 0.000000 0.000000 0.000000 0.000000 0.000000
-2.482368 -2.492555 -2.492984 -2.489190 -11.403506 -11.115181
-2.363951 -2.441256 -2.445647 -2.405435 -11.150491 -9.456455
-2.470613 -2.487352 -2.487297 -2.481818 -11.183339 -11.403118
-2.482343 -2.451022 -2.451022 -2.470600 -11.469605 -11.468029
0.000000 0.000000 0.000000 0.000000 0.000000 0.000000
-2.482349 -2.451022 -2.451022 -2.470576 -11.469866 -11.466227
-2.418294 -2.273256 -2.273252 -2.363931 -11.362842 -11.363346
-2.363951 -2.443267 -2.445564 -2.416648 -10.127605 -10.796193
-2.482368 -2.492554 -2.493248 -2.488040 -11.122695 -11.268595
0.000000 0.000000 0.000000 0.000000 0.000000 0.000000
-2.470613 -2.488510 -2.487731 -2.481091 -11.113538 -11.307041
-2.451022 -2.462577 -2.451022 -2.466352 -10.147252 -9.858541
-2.363951 -2.405978 -2.363951 -2.402297 -9.449132 -9.229946
-2.451022 -2.474817 -2.451022 -2.465428 -10.397493 -8.747195
0.000000 0.000000 0.000000 0.000000 0.000000 0.000000
-0.750400 -1.883332 -1.760106 -1.520424 -8.055887 -8.727630
-0.724065 0.228499 2.360000 -0.314020 -5.949714 -2.482086
-0.750400 -1.823955 -1.768922 -1.487498 -6.827250 -8.303454
-0.041622 -1.400328 0.416000 -0.832363 -6.398828 -6.726551
0.000000 0.000000 0.000000 0.000000 0.000000 0.000000
-2.489421 -2.494461 -2.495280 -2.489421 -11.246617 -11.203299
-2.418371 -2.465738 -2.456951 -2.418371 -10.498660 -10.484027
-2.482368 -2.492635 -2.490773 -2.482368 -11.247345 -10.300682
-2.469287 -2.418371 -2.418371 -2.467760 -10.490051 -11.256406
0.000000 0.000000 0.000000 0.000000 0.000000 0.000000
-2.467606 -2.418371 -2.418371 -2.467917 -11.045271 -11.151546
-2.363942 -2.122093 -2.122086 -2.363947 -11.273152 -11.271569
-2.418371 -2.459805 -2.457446 -2.418371 -9.673932 -10.822194
-2.489421 -2.495003 -2.495134 -2.489421 -9.698067 -10.719156
0.000000 0.000000 0.000000 0.000000 0.000000 0.000000
-2.482368 -2.491575 -2.490688 -2.482368 -9.694270 -11.025223
-2.418371 -2.464782 -2.469164 -2.468892 -10.832115 -11.395623
-2.273252 -2.410368 -2.409936 -2.404553 -11.187291 -10.912784
-2.418371 -2.464561 -2.465560 -2.464499 -10.950374 -11.149600
0.000000 0.000000 0.000000 0.000000 0.000000 0.000000
-1.450240 -2.122086 -2.122086 -1.450240 -10.870139 -10.870142
0.415945 5.599842 5.600000 0.415997 -6.639815 -6.639855
-1.450240 -2.122086 -2.122086 -1.450240 -10.870141 -10.870144
2.360000 -0.750400 -0.750400 -0.750400 -8.584000 -8.583999
0.000000 0.000000 0.000000 0.000000 0.000000 0.000000
-2.493653 -2.496309 -2.494717 -2.493653 -10.411288 -10.641894
-2.451022 -2.472565 -2.466731 -2.451022 -9.269550 -8.022188
-2.489421 -2.494583 -2.491640 -2.489421 -9.025887 -9.502727
-2.449729 -2.363951 -2.417443 -2.450228 -11.391696 -11.324201
0.000000 0.000000 0.000000 0.000000 0.000000 0.000000
-2.449651 -2.363951 -2.417868 -2.450439 -11.303018 -11.388664
-2.273252 -1.870144 -2.122086 -2.273252 -11.122016 -11.122053
-2.451022 -2.471576 -2.460845 -2.451022 -10.132766 -8.761131
-2.493653 -2.494251 -2.495338 -2.493653 -8.988050 -9.687106
0.000000 0.000000 0.000000 0.000000 0.000000 0.000000
-2.489421 -2.493613 -2.491794 -2.489421 -9.372313 -10.290782
-2.451022 -2.468609 -2.464662 -2.451022 -6.839693 -9.275789
-2.363951 -2.400567 -2.400335 -2.363951 -9.007200 -9.619220
-2.451022 -2.468981 -2.463415 -2.451022 -10.392566 -10.165959
0.000000 0.000000 0.000000 0.000000 0.000000 0.000000
-1.870144 -2.273252 -2.122086 -1.870144 -11.122085 -11.122085
2.360000 11.000000 5.600000 2.360000 -3.400000 -3.400000
-1.895507 -2.111941 -2.009931 -1.870144 -7.155809 -6.653336
0.415999 -1.450240 -0.750400 0.416000 -9.750397 -9.750396
0.000000 0.000000 0.000000 0.000000 0.000000 0.000000
-2.461859 -2.418371 -2.466357 -2.448120 -11.154536 -10.939196
-2.247473 -1.870144 -2.256863 -2.120927 -9.413431 -10.391291
-2.445375 -2.363951 -2.440260 -2.414327 -10.866803 -10.964132
-2.495486 -2.495562 -2.489421 -2.493186 -11.038979 -11.224323
0.000000 0.000000 0.000000 0.000000 0.000000 0.000000
-2.495028 -2.495382 -2.489421 -2.493533 -11.125677 -10.714867
-2.478621 -2.480695 -2.451022 -2.468797 -11.019153 -10.521422
-1.870144 -2.273252 -2.273252 -2.122086 -11.122085 -11.122082
-2.418371 -2.470613 -2.470613 -2.451022 -11.451019 -11.451022
0.000000 0.000000 0.000000 0.000000 0.000000 0.000000
-2.363951 -2.451022 -2.451022 -2.418371 -11.418369 -11.418370
-2.489019 -2.488631 -2.470613 -2.481417 -11.064503 -10.977747
-2.467581 -2.466879 -2.418371 -2.449111 -10.600620 -11.001081
-2.487309 -2.488545 -2.470613 -2.481415 -11.017473 -11.298638
0.000000 0.000000 0.000000 0.000000 0.000000 0.000000
0.416000 5.600000 0.416000 2.360000 -6.640000 -6.640000
-2.122086 -2.122086 -1.450240 -1.870144 -10.870144 -10.870144
5.600000 0.416000 0.416000 2.360000 -6.640000 -6.640000
-1.870144 -1.870144 -0.750400 -1.450240 -10.450240 -10.450240
0.000000 0.000000 0.000000 0.000000 0.000000 0.000000
-2.482368 -2.451022 -2.482368 -2.451022 -11.469796 -11.470379
-2.363950 -2.122086 -2.363949 -2.122095 -11.273214 -11.273202
-2.470613 -2.418371 -2.470613 -2.418371 -11.450970 -11.450969
-2.493427 -2.493626 -2.482368 -2.493537 -11.467853 -11.456434
0.000000 0.000000 0.000000 0.000000 0.000000 0.000000
-2.493622 -2.493606 -2.482368 -2.493574 -11.452124 -11.462883
-2.470006 -2.470519 -2.418371 -2.470585 -11.367000 -11.367751
-2.363950 -2.363951 -2.363951 -2.122086 -11.273248 -11.272732
-2.482368 -2.482368 -2.482368 -2.451022 -11.470582 -11.470588
0.000000 0.000000 0.000000 0.000000 0.000000 0.000000
-2.470612 -2.470612 -2.470613 -2.418371 -11.450955 -11.451017
-2.482171 -2.482334 -2.451022 -2.482243 -11.448600 -11.393313
-2.450810 -2.450683 -2.363951 -2.450682 -11.391991 -11.395742
-2.482250 -2.481757 -2.451022 -2.482340 -11.430321 -11.468665
0.000000 0.000000 0.000000 0.000000 0.000000 0.000000
-0.750400 2.360000 -0.750400 2.360000 -8.584000 -8.584000
-1.870144 -1.870144 -0.750400 -1.870144 -10.450240 -10.450240
-0.750400 -0.750400 -0.750400 2.360000 -8.584000 -8.584000
-1.450240 -1.450240 0.416000 -1.450240 -9.750400 -9.750400
0.000000 0.000000 0.000000 0.000000 0.000000 0.000000
-2.489411 -2.489412 -2.489413 -2.470613 -11.481077 -11.479740
-2.418364 -2.418361 -2.418364 -2.273252 -11.363123 -11.363424
-2.482363 -2.482368 -2.482367 -2.451022 -11.470405 -11.469775
-2.489411 -2.470613 -2.470613 -2.489418 -11.481431 -11.482076
0.000000 0.000000 0.000000 0.000000 0.000000 0.000000
-2.489414 -2.470613 -2.470613 -2.489413 -11.476820 -11.481928
-2.450967 -2.363951 -2.363951 -2.451016 -11.417638 -11.414802
-2.418351 -2.418331 -2.418328 -2.273252 -11.363666 -11.363697
-2.489402 -2.489420 -2.489418 -2.470613 -11.482010 -11.482051
0.000000 0.000000 0.000000 0.000000 0.000000 0.000000
-2.482366 -2.482367 -2.482366 -2.451022 -11.469228 -11.470344
-2.470605 -2.470598 -2.418371 -2.470609 -11.449427 -11.449892
-2.418259 -2.418350 -2.273252 -2.418359 -11.363604 -11.363899
-2.470606 -2.470569 -2.418371 -2.470601 -11.450765 -11.450368
0.000000 0.000000 0.000000 0.000000 0.000000 0.000000
-1.450240 -1.450240 -1.450240 0.416000 -9.750400 -9.750400
-1.450240 0.416000 0.416000 -1.450240 -9.750400 -9.750400
-1.450240 -1.450240 -1.450240 0.416000 -9.750400 -9.750400
-0.750400 -0.750400 2.360000 -0.750400 -8.584000 -8.584000
0.000000 0.000000 0.000000 0.000000 0.000000 0.000000
-2.493634 -2.493641 -2.493609 -2.482368 -11.465496 -11.477951
-2.450922 -2.449984 -2.450687 -2.363951 -11.412305 -11.292190
-2.489321 -2.489379 -2.489381 -2.470613 -11.458673 -11.457909
-2.470373 -2.451022 -2.451022 -2.478603 -10.407265 -10.290043
0.000000 0.000000 0.000000 0.000000 0.000000 0.000000
-2.476627 -2.451022 -2.451022 -2.480363 -10.914302 -10.894968
-2.402090 -2.273252 -2.273465 -2.404916 -9.188814 -10.905019
-2.450739 -2.450861 -2.450510 -2.363951 -11.400880 -11.369195
-2.493629 -2.493627 -2.493545 -2.482368 -11.480992 -11.428358
0.000000 0.000000 0.000000 0.000000 0.000000 0.000000
-2.489268 -2.489294 -2.489329 -2.470613 -11.455887 -11.441299
-2.363951 -2.451022 -2.451022 -2.451022 -11.418366 -11.418354
-2.122086 -2.363950 -2.363951 -2.363951 -11.272908 -11.273246
-2.363951 -2.451022 -2.451022 -2.451022 -11.418365 -11.418316
0.000000 0.000000 0.000000 0.000000 0.000000 0.000000
-1.870144 -1.870144 -1.870144 -0.750400 -10.450240 -10.450240
-0.750400 2.360000 2.360000 -0.750400 -8.584000 -8.584000
-1.870144 -1.870144 -1.870144 -0.750400 -10.450240 -10.450240
5.600000 0.416000 0.416000 0.416000 -6.640000 -6.640000
0.000000 0.000000 0.000000 0.000000 0.000000 0.000000
-2.494099 -2.494952 -2.492000 -2.489421 -11.023132 -10.175324
-2.462110 -2.465248 -2.445009 -2.418371 -10.506962 -10.474734
-2.492473 -2.492209 -2.488022 -2.482368 -10.909515 -10.539336
-2.469447 -2.418371 -2.450211 -2.468669 -11.347532 -11.242052
0.000000 0.000000 0.000000 0.000000 0.000000 0.000000
-2.469972 -2.418371 -2.450765 -2.468025 -11.334086 -11.180370
-2.349886 -2.122086 -2.266032 -2.356725 -10.351600 -10.902148
-2.463780 -2.456824 -2.442720 -2.418371 -10.009045 -10.392196
-2.495140 -2.494508 -2.493132 -2.489421 -10.434562 -10.706058
0.000000 0.000000 0.000000 0.000000 0.000000 0.000000
-2.492334 -2.492061 -2.487881 -2.482368 -9.846920 -10.786476
-2.418371 -2.460175 -2.442533 -2.418371 -10.383460 -9.673692
-2.273252 -2.386753 -2.345328 -2.273252 -9.781093 -8.699635
-2.418371 -2.453958 -2.445607 -2.418371 -10.495552 -9.804664
0.000000 0.000000 0.000000 0.000000 0.000000 0.000000
-2.011010 -2.018653 -1.856123 -1.450240 -6.590449 -7.396395
0.416000 5.600000 2.360000 0.416000 -6.640000 -6.640000
-1.920187 -1.932305 -1.855152 -1.450240 -8.067140 -7.038900
1.596153 -0.732073 0.202371 2.360000 -5.645803 -7.461505
0.000000 0.000000 0.000000 0.000000 0.000000 0.000000
-2.466791 -2.451022 -2.466231 -2.465904 -9.846302 -8.768326
-2.314103 -2.122086 -2.237729 -2.244473 -9.282531 -8.311739
-2.464962 -2.418371 -2.444957 -2.443657 -9.433456 -9.367027
-2.496601 -2.493653 -2.495429 -2.495791 -10.725414 -10.632765
0.000000 0.000000 0.000000 0.000000 0.000000 0.000000
-2.496259 -2.493653 -2.495672 -2.495742 -9.492214 -10.309842
-2.483927 -2.470613 -2.478178 -2.479700 -10.684250 -10.775281
-1.450240 -2.122086 -1.870144 -1.870144 -10.870143 -10.870144
-2.363951 -2.451022 -2.418371 -2.418371 -11.418370 -11.418368
0.000000 0.000000 0.000000 0.000000 0.000000 0.000000
-2.273252 -2.418371 -2.363951 -2.363951 -11.363951 -11.363951
-2.489454 -2.482368 -2.487524 -2.487092 -9.704377 -10.272618
-2.476054 -2.451022 -2.465877 -2.467206 -10.173873 -9.409765
-2.489295 -2.482368 -2.486195 -2.486532 -9.013993 -10.034417
0.000000 0.000000 0.000000 0.000000 0.000000 0.000000
-0.750400 2.360000 0.416000 0.416000 -8.583998 -8.584000
-2.273252 -1.870144 -2.122086 -2.122086 -11.122086 -11.122086
11.000000 2.360000 5.600000 5.600000 -3.400000 -3.400000
-2.122086 -1.450240 -1.870144 -1.870144 -10.870144 -10.870144
0.000000 0.000000 0.000000 0.000000 0.000000 0.000000
-2.487746 -2.470613 -2.487641 -2.481295 -10.968496 -11.277605
-2.397767 -2.273252 -2.411039 -2.356814 -10.528449 -10.580208
-2.480073 -2.451022 -2.475686 -2.468580 -11.268593 -11.253624
-2.493866 -2.489421 -2.489421 -2.491392 -10.162652 -9.870846
0.000000 0.000000 0.000000 0.000000 0.000000 0.000000
-2.493261 -2.489421 -2.489421 -2.492317 -10.634818 -10.150539
-2.472223 -2.451022 -2.451022 -2.462554 -10.599107 -10.157494
-2.407902 -2.273252 -2.407636 -2.359143 -9.920723 -10.065362
-2.488201 -2.470613 -2.487642 -2.481804 -10.911896 -11.019818
0.000000 0.000000 0.000000 0.000000 0.000000 0.000000
-2.477318 -2.451022 -2.479898 -2.469537 -11.063781 -11.195480
-2.483911 -2.470613 -2.470613 -2.478291 -9.279450 -9.024411
-2.444821 -2.418371 -2.418371 -2.443597 -6.881508 -9.860628
-2.484860 -2.470613 -2.470613 -2.474607 -9.500670 -10.305127
0.000000 0.000000 0.000000 0.000000 0.000000 0.000000
-1.189573 0.416000 -1.145660 -0.866199 -6.734082 -6.418256
-1.623447 -1.450240 -1.505515 -1.641964 -5.589788 -6.104607
-1.246410 0.416000 -1.281082 -0.982906 -4.640184 -6.397164
-1.459705 -0.750400 -1.076737 -1.346585 -4.207181 -5.950865
0.000000 0.000000 0.000000 0.000000 0.000000 0.000000
-2.485460 -2.482368 -2.486507 -2.482368 -9.712083 -9.867412
-2.434274 -2.363951 -2.391305 -2.363951 -9.621026 -9.800380
-2.479665 -2.470613 -2.479326 -2.470613 -10.915822 -10.166864
-2.492070 -2.482368 -2.488516 -2.492396 -11.070065 -10.628484
0.000000 0.000000 0.000000 0.000000 0.000000 0.000000
-2.492703 -2.482368 -2.488146 -2.491570 -11.098556 -11.032940
-2.460776 -2.418371 -2.447824 -2.465207 -11.035365 -10.947664
-2.417375 -2.363951 -2.391165 -2.363951 -10.338852 -8.994482
-2.490265 -2.482368 -2.486788 -2.482368 -10.609327 -10.615128
0.000000 0.000000 0.000000 0.000000 0.000000 0.000000
-2.481079 -2.470613 -2.479057 -2.470613 -10.488264 -10.156149
-2.479479 -2.451022 -2.469120 -2.478251 -10.621958 -11.174288
-2.443358 -2.363951 -2.411372 -2.437244 -11.089081 -10.115564
-2.479795 -2.451022 -2.469281 -2.479493 -10.491026 -10.944441
0.000000 0.000000 0.000000 0.000000 0.000000 0.000000
-1.451633 -0.750400 -1.266805 -1.053003 -6.787223 -5.436838
-1.672207 -0.750400 -1.417692 -1.596538 -4.896273 -7.483384
-1.438691 -0.750400 -1.380901 -1.071882 -4.879794 -3.573148
-1.351204 0.416000 -0.938701 -1.318163 -6.443878 -6.804611
0.000000 0.000000 0.000000 0.000000 0.000000 0.000000
-2.494454 -2.489421 -2.495968 -2.492553 -10.962511 -10.984601
-2.462141 -2.418371 -2.461724 -2.442843 -10.402451 -11.038454
-2.492859 -2.482368 -2.492327 -2.488926 -10.860245 -11.109822
-2.480309 -2.470613 -2.470613 -2.477236 -7.762254 -9.493232
0.000000 0.000000 0.000000 0.000000 0.000000 0.000000
-2.483587 -2.470613 -2.470613 -2.479625 -9.275931 -8.996692
-2.415866 -2.363951 -2.363951 -2.396401 -9.634890 -9.797531
-2.463476 -2.418371 -2.460227 -2.446638 -10.763717 -11.113449
-2.494209 -2.489421 -2.495125 -2.493073 -11.251292 -10.921806
0.000000 0.000000 0.000000 0.000000 0.000000 0.000000
-2.492719 -2.482368 -2.492968 -2.488879 -11.235327 -10.779696
-2.273252 -2.418371 -2.418371 -2.363951 -11.363904 -11.363943
-1.870144 -2.273252 -2.273252 -2.122086 -11.122081 -11.122083
-2.273252 -2.418370 -2.418371 -2.363950 -11.363945 -11.363946
0.000000 0.000000 0.000000 0.000000 0.000000 0.000000
-2.122086 -1.450240 -2.122086 -1.870144 -10.870144 -10.870141
-1.450240 0.416000 0.416000 -0.750400 -9.750398 -9.750399
-2.122086 -1.450240 -2.122086 -1.870144 -10.870142 -10.870144
11.000000 2.360000 2.360000 5.600000 -3.400000 -3.400000
0.000000 0.000000 0.000000 0.000000 0.000000 0.000000
-2.496136 -2.493653 -2.495136 -2.493653 -10.787353 -10.538097
-2.473141 -2.451022 -2.465882 -2.451022 -9.269429 -9.205495
-2.494281 -2.489421 -2.492557 -2.489421 -9.882940 -10.382461
-2.478864 -2.451022 -2.469420 -2.474993 -11.003317 -10.420329
0.000000 0.000000 0.000000 0.000000 0.000000 0.000000
-2.479270 -2.451022 -2.469261 -2.478630 -10.899734 -10.949320
-2.400983 -2.273252 -2.347264 -2.379449 -9.404780 -10.686359
-2.470000 -2.451022 -2.462499 -2.451022 -10.886587 -9.462692
-2.496881 -2.493653 -2.495627 -2.493653 -10.985646 -10.040698
0.000000 0.000000 0.000000 0.000000 0.000000 0.000000
-2.493368 -2.489421 -2.492321 -2.489421 -9.881531 -10.864244
-2.363951 -2.435966 -2.413758 -2.363951 -10.474086 -10.478435
-2.122086 -2.344729 -2.260769 -2.122086 -9.523758 -10.131716
-2.363951 -2.431772 -2.410646 -2.363951 -8.421890 -9.449492
0.000000 0.000000 0.000000 0.000000 0.000000 0.000000
-2.014421 -1.893857 -2.037736 -1.870144 -6.223492 -3.701217
-0.749575 2.360000 -0.016769 -0.741592 -6.005095 -6.910871
-1.969411 -1.898968 -1.990539 -1.870144 -5.681211 -7.121005
3.203353 0.039198 0.429487 5.600000 -3.942422 -4.455687
0.000000 0.000000 0.000000 0.000000 0.000000 0.000000
-2.477706 -2.470613 -2.478192 -2.470632 -10.001445 -8.438636
-2.305648 -2.273252 -2.291512 -2.305604 -7.238043 -7.264017
-2.461493 -2.451022 -2.462522 -2.459677 -7.295844 -6.300120
-2.496691 -2.496192 -2.496983 -2.497043 -7.764730 -10.313853
0.000000 0.000000 0.000000 0.000000 0.000000 0.000000
-2.496771 -2.496192 -2.496696 -2.496967 -9.506886 -9.470371
-2.485836 -2.482368 -2.486177 -2.486531 -7.686376 -8.125990
-1.450240 -1.870144 -1.450240 -1.450240 -0.750400 -10.450236
-2.363951 -2.418371 -2.363951 -2.363951 -2.273252 -11.363951
0.000000 0.000000 0.000000 0.000000 0.000000 0.000000
-2.273252 -2.363951 -2.273252 -2.273252 -2.122086 -11.273252
-2.491891 -2.489421 -2.490807 -2.491349 -7.776489 -10.017186
-2.476214 -2.470613 -2.477800 -2.474505 -8.455827 -9.867392
-2.490429 -2.489421 -2.491150 -2.491382 -9.863288 -9.654363
0.000000 0.000000 0.000000 0.000000 0.000000 0.000000
-0.750400 0.416000 -0.750400 -0.750400 -9.750400 -1.450240
-2.273252 -2.122086 -2.273252 -2.273252 -11.273249 -2.363951
11.000000 5.600000 11.000000 11.000000 2.000000 20.000000
-2.122086 -1.870144 -2.122086 -2.122086 -11.122086 -2.273252
0.000000 0.000000 0.000000 0.000000 0.000000 0.000000
-2.485793 -2.482368 -2.489291 -2.485463 -9.688960 -10.321410
-2.396063 -2.363951 -2.420376 -2.403844 -9.000934 -9.741373
-2.474682 -2.470613 -2.483509 -2.475443 -9.870685 -9.688870
-2.494426 -2.493653 -2.493653 -2.495137 -7.363671 -8.474507
0.000000 0.000000 0.000000 0.000000 0.000000 0.000000
-2.494204 -2.493653 -2.493653 -2.494596 -8.764395 -9.657215
-2.476212 -2.470613 -2.470613 -2.476120 -8.092992 -8.980502
-2.402379 -2.363951 -2.424149 -2.393719 -10.100107 -9.949967
-2.487288 -2.482368 -2.491430 -2.485803 -10.634097 -9.286194
0.000000 0.000000 0.000000 0.000000 0.000000 0.000000
-2.478259 -2.470613 -2.483064 -2.479369 -10.178706 -10.283201
-2.485770 -2.482368 -2.482368 -2.486199 -9.435628 -8.485016
-2.455564 -2.451022 -2.451022 -2.458236 -9.599679 -9.838260
-2.484453 -2.482368 -2.482368 -2.484902 -8.709222 -10.385781
0.000000 0.000000 0.000000 0.000000 0.000000 0.000000
-1.144784 -0.972956 -1.108058 -1.144784 -1.960000 -1.960000
-1.557687 -1.570212 -1.537371 -1.556009 -1.922598 -3.527166
-1.198993 -1.072959 -1.243161 -1.198993 -1.958094 -1.960000
-1.295093 -1.304192 -1.313263 -1.300623 -1.960000 -2.837095
0.000000 0.000000 0.000000 0.000000 0.000000 0.000000
-2.491965 -2.489421 -2.492128 -2.489421 -10.486996 -9.274992
-2.436930 -2.418371 -2.440719 -2.418371 -9.233074 -8.701054
-2.483393 -2.482368 -2.485360 -2.482368 -8.743942 -10.160237
-2.491962 -2.489421 -2.491596 -2.491343 -10.136571 -9.499879
0.000000 0.000000 0.000000 0.000000 0.000000 0.000000
-2.491347 -2.489421 -2.491618 -2.493922 -10.027645 -10.152796
-2.462616 -2.451022 -2.461726 -2.474860 -9.023683 -9.271762
-2.431725 -2.418371 -2.433866 -2.418371 -7.284351 -7.686722
-2.491988 -2.489421 -2.491597 -2.489421 -9.011500 -10.302037
0.000000 0.000000 0.000000 0.000000 0.000000 0.000000
-2.486126 -2.482368 -2.485443 -2.482368 -9.258011 -8.762646
-2.476098 -2.470613 -2.477832 -2.482844 -9.044506 -9.215714
-2.439710 -2.418371 -2.439597 -2.458179 -10.002981 -9.679474
-2.475367 -2.470613 -2.479634 -2.482153 -10.293935 -10.010702
0.000000 0.000000 0.000000 0.000000 0.000000 0.000000
-1.247780 -1.255690 -1.251020 -1.266698 -1.960000 -2.809697
-1.479540 -1.457459 -1.481626 -1.469785 -1.906000 -2.838908
-1.294527 -1.307267 -1.300992 -1.319748 -2.758147 -1.960000
-1.198993 -0.963201 -1.198993 -1.219989 -4.326052 -2.829299
0.000000 0.000000 0.000000 0.000000 0.000000 0.000000
-2.494153 -2.493653 -2.497113 -2.495249 -10.631865 -11.120597
-2.464049 -2.451022 -2.472579 -2.465370 -8.743366 -9.495848
-2.491825 -2.489421 -2.493493 -2.492002 -9.851182 -10.618707
-2.483110 -2.482368 -2.482368 -2.483963 -9.689136 -8.087116
0.000000 0.000000 0.000000 0.000000 0.000000 0.000000
-2.485448 -2.482368 -2.482368 -2.486458 -7.344186 -9.851903
-2.424684 -2.418371 -2.418371 -2.435223 -8.638390 -9.013011
-2.463404 -2.451022 -2.469488 -2.464143 -6.901343 -9.672838
-2.495265 -2.493653 -2.495689 -2.494772 -10.485214 -9.854477
0.000000 0.000000 0.000000 0.000000 0.000000 0.000000
-2.491825 -2.489421 -2.494254 -2.491386 -10.517424 -9.669797
-2.273252 -2.363951 -2.363951 -2.273252 -2.122086 -11.273251
-1.870144 -2.122086 -2.122086 -1.870144 -1.450240 -10.870144
-2.273252 -2.363951 -2.363951 -2.273252 -2.122086 -11.273252
0.000000 0.000000 0.000000 0.000000 0.000000 0.000000
-2.122086 -1.870144 -2.273123 -2.122086 -11.122083 -2.273252
-1.450240 -0.750400 -0.750403 -1.450240 -10.450240 -1.870144
-2.122086 -1.870144 -2.273212 -2.122086 -11.122085 -2.273252
11.000000 5.600000 5.600000 11.000000 2.000000 20.000000
0.000000 0.000000 0.000000 0.000000 0.000000 0.000000
-2.496801 -2.496192 -2.497034 -2.496192 -10.310057 -8.435162
-2.477031 -2.470613 -2.473693 -2.470613 -5.772272 -7.713229
-2.495250 -2.493653 -2.494538 -2.493653 -9.490492 -8.440449
-2.478250 -2.470613 -2.478313 -2.481897 -8.449474 -8.471915
0.000000 0.000000 0.000000 0.000000 0.000000 0.000000
-2.477071 -2.470613 -2.478635 -2.481344 -8.747560 -10.010698
-2.396250 -2.363951 -2.399922 -2.424445 -8.700810 -8.950530
-2.475848 -2.470613 -2.476070 -2.470613 -9.486852 -8.760788
-2.497052 -2.496192 -2.496865 -2.496192 -7.286778 -8.741152
0.000000 0.000000 0.000000 0.000000 0.000000 0.000000
-2.495140 -2.493653 -2.494896 -2.493653 -8.725613 -9.466418
-2.362812 -2.396026 -2.358808 -2.273252 -10.527933 -9.789687
-2.100847 -2.248580 -2.103859 -1.870144 -9.594560 -10.282578
-2.352100 -2.410854 -2.356883 -2.273252 -10.516379 -9.609230
0.000000 0.000000 0.000000 0.000000 0.000000 0.000000
-2.131745 -2.121984 -2.130365 -2.121991 -6.761713 -5.738025
-0.998141 0.416000 -0.949946 -1.132133 -3.421982 -6.098743
-2.170139 -2.122057 -2.140194 -2.122055 -6.311349 -5.135904
2.789884 1.369271 4.104689 11.000000 -2.749909 -2.724608
